--- Unique Value Report ---

Unique values in column 'Year_Birth':
1957
1954
1965
1984
1981
1967
1971
1985
1974
1950
1976
1959
1952
1987
1946
1980
1949
1982
1979
1951
1969
1989
1963
1970
1973
1943
1975
1996
1968
1964
1977
1978
1955
1966
1988
1948
1958
1972
1960
1983
1945
1991
1962
1953
1956
1992
1961
1900
1986
1893
1990
1947
1899
1993
1994
1941
1944
1995
1940
Unique values in column 'Income':
58138.0
46344.0
71613.0
26646.0
58293.0
62513.0
55635.0
33454.0
30351.0
5648.0
7500.0
63033.0
59354.0
17323.0
82800.0
41850.0
37760.0
76995.0
33812.0
37040.0
2447.0
58607.0
65324.0
40689.0
18589.0
53359.0
38360.0
84618.0
10979.0
38620.0
40548.0
46610.0
68657.0
49389.0
67353.0
23718.0
42429.0
48948.0
80011.0
20559.0
21994.0
79941.0
41728.0
72550.0
65486.0
79143.0
35790.0
82582.0
66373.0
82384.0
70287.0
27938.0
55954.0
75777.0
66653.0
61823.0
67680.0
70666.0
25721.0
32474.0
88194.0
69096.0
74854.0
66991.0
65031.0
60631.0
28332.0
40246.0
75251.0
75825.0
26326.0
56046.0
29760.0
26304.0
23559.0
81361.0
29440.0
36138.0
50388.0
79593.0
54178.0
42394.0
23626.0
30096.0
47916.0
51813.0
78497.0
50150.0
47823.0
34554.0
85693.0
65846.0
87195.0
24594.0
49096.0
52413.0
38557.0
89058.0
77298.0
68126.0
57288.0
86037.0
43974.0
50785.0
90765.0
36550.0
30753.0
21918.0
56129.0
32557.0
19510.0
30992.0
101970.0
71488.0
79607.0
54348.0
77376.0
62998.0
61331.0
73448.0
41551.0
62981.0
9548.0
33762.0
35860.0
36921.0
92859.0
65104.0
86111.0
68352.0
41883.0
59809.0
23957.0
38547.0
35688.0
49605.0
65747.0
34176.0
61010.0
69372.0
49967.0
60199.0
55375.0
80317.0
30523.0
70356.0
23228.0
74165.0
157243.0
43482.0
62551.0
52332.0
66951.0
26091.0
33456.0
28718.0
50447.0
53537.0
52074.0
80427.0
83837.0
38853.0
38285.0
51650.0
16248.0
66835.0
30477.0
28249.0
25271.0
32303.0
61286.0
74068.0
45759.0
24882.0
66973.0
36640.0
38872.0
51148.0
31353.0
69661.0
80067.0
86718.0
46854.0
69142.0
75922.0
63693.0
102160.0
40637.0
18890.0
29604.0
48721.0
44794.0
64497.0
46097.0
77972.0
44377.0
46014.0
70951.0
41443.0
52195.0
83790.0
44551.0
69508.0
45204.0
72460.0
77622.0
30732.0
63887.0
42011.0
51369.0
51537.0
79930.0
34320.0
37070.0
81975.0
38590.0
15033.0
62745.0
22212.0
23661.0
79761.0
60182.0
73455.0
64961.0
22804.0
73687.0
61074.0
31686.0
80134.0
75027.0
67546.0
65176.0
31160.0
29938.0
102692.0
26490.0
75702.0
30899.0
63342.0
45989.0
18701.0
40737.0
15287.0
69674.0
44159.0
37717.0
43776.0
38179.0
80124.0
38097.0
72940.0
22070.0
69267.0
31788.0
61905.0
29315.0
33378.0
66313.0
60714.0
77882.0
69867.0
63841.0
24480.0
65640.0
44319.0
30631.0
75278.0
50898.0
79946.0
35416.0
32414.0
38361.0
82497.0
16626.0
29672.0
55951.0
35388.0
42386.0
68627.0
57912.0
35246.0
58821.0
46377.0
39747.0
23976.0
80950.0
27038.0
77457.0
64100.0
42670.0
12571.0
22574.0
70893.0
54198.0
28839.0
40321.0
66503.0
30833.0
64795.0
34421.0
47025.0
64325.0
40464.0
62187.0
14849.0
27255.0
54432.0
29999.0
24072.0
33996.0
66334.0
35178.0
22010.0
62204.0
75693.0
30675.0
83003.0
83532.0
68655.0
41411.0
55212.0
59292.0
27190.0
82623.0
44300.0
84835.0
30372.0
33181.0
71113.0
71952.0
69759.0
72099.0
60000.0
38643.0
50737.0
68462.0
65073.0
46681.0
78618.0
28442.0
51479.0
54803.0
79530.0
31615.0
72025.0
52614.0
35684.0
48178.0
29548.0
63810.0
38578.0
46098.0
22585.0
30279.0
66426.0
30822.0
33581.0
19986.0
27421.0
36143.0
10245.0
43795.0
63381.0
38823.0
83664.0
90300.0
62499.0
74293.0
51012.0
70777.0
68682.0
43824.0
15345.0
23442.0
14515.0
31395.0
75276.0
42373.0
30507.0
55521.0
48006.0
27213.0
65808.0
50437.0
23616.0
53858.0
66465.0
46923.0
75072.0
75865.0
19789.0
91065.0
49505.0
37401.0
18492.0
82584.0
93027.0
48686.0
92910.0
75433.0
10404.0
61314.0
84865.0
42387.0
67309.0
75236.0
30015.0
50943.0
67272.0
51529.0
32011.0
28691.0
56223.0
18100.0
20130.0
23295.0
42618.0
81246.0
24027.0
55707.0
57959.0
56796.0
36230.0
70829.0
65991.0
38988.0
89572.0
42207.0
50300.0
66664.0
60597.0
70165.0
50520.0
33183.0
66582.0
75261.0
31880.0
53790.0
49269.0
61456.0
37406.0
56937.0
38415.0
20518.0
62503.0
41644.0
55842.0
62010.0
41124.0
38961.0
32233.0
43057.0
83151.0
78825.0
60093.0
14045.0
28457.0
78952.0
46310.0
76005.0
58308.0
55614.0
59432.0
55563.0
78642.0
67911.0
65275.0
27203.0
48330.0
24279.0
64355.0
53653.0
65665.0
81217.0
34935.0
61250.0
39665.0
60152.0
48920.0
89120.0
44124.0
81169.0
36443.0
26095.0
71367.0
80184.0
30630.0
73454.0
42691.0
70503.0
25545.0
32880.0
77863.0
50353.0
61839.0
49154.0
47682.0
72679.0
57954.0
65316.0
28567.0
47352.0
44931.0
76982.0
57247.0
22944.0
25315.0
43638.0
42710.0
84169.0
54058.0
24683.0
85620.0
47850.0
19514.0
27159.0
39548.0
21474.0
60504.0
22419.0
81698.0
43462.0
54880.0
79908.0
15315.0
87771.0
33039.0
81741.0
71499.0
62466.0
48799.0
52157.0
66565.0
29298.0
47691.0
38200.0
44989.0
38443.0
38593.0
64413.0
36959.0
61996.0
51287.0
13260.0
47472.0
54603.0
45207.0
47821.0
27450.0
39453.0
26850.0
79800.0
61794.0
53863.0
24221.0
39684.0
92163.0
69882.0
33178.0
59973.0
17459.0
23910.0
42169.0
26224.0
31089.0
30081.0
62807.0
72906.0
61467.0
49618.0
21888.0
26150.0
30801.0
81168.0
26877.0
45006.0
18978.0
48240.0
45837.0
35791.0
162397.0
54162.0
30522.0
54456.0
31632.0
72298.0
36975.0
72635.0
13624.0
84196.0
70971.0
34487.0
28769.0
69084.0
65488.0
32218.0
83917.0
46102.0
84574.0
56181.0
63120.0
73691.0
76140.0
62859.0
45906.0
77632.0
46463.0
105471.0
55282.0
78710.0
66886.0
98777.0
29103.0
67445.0
50616.0
49431.0
153924.0
61278.0
73059.0
46734.0
56253.0
58330.0
25965.0
14661.0
18690.0
45068.0
21063.0
29187.0
54690.0
59304.0
59247.0
66731.0
77353.0
26751.0
81300.0
70337.0
36145.0
65295.0
68118.0
68743.0
41039.0
38946.0
65777.0
66476.0
86857.0
160803.0
77845.0
69476.0
50611.0
61209.0
42315.0
13084.0
47570.0
61923.0
34824.0
26518.0
45938.0
78468.0
78901.0
71427.0
71022.0
90247.0
41335.0
35682.0
43185.0
66375.0
25252.0
55250.0
33249.0
58398.0
50272.0
76618.0
87305.0
25851.0
58710.0
45160.0
74806.0
59111.0
18988.0
72190.0
80395.0
75012.0
56962.0
89891.0
35946.0
53593.0
45072.0
89694.0
67432.0
70545.0
17487.0
62882.0
64108.0
34941.0
48767.0
38702.0
82224.0
83844.0
17003.0
71163.0
33697.0
63564.0
83443.0
51518.0
80952.0
75507.0
63855.0
62220.0
58512.0
40662.0
38829.0
35523.0
79146.0
78285.0
31626.0
75127.0
48726.0
74985.0
67430.0
46891.0
62058.0
72063.0
78939.0
42720.0
33622.0
6835.0
41452.0
40760.0
74250.0
51124.0
72258.0
71466.0
36283.0
20587.0
30467.0
31590.0
20425.0
17144.0
42564.0
43783.0
40780.0
62847.0
82017.0
16813.0
51267.0
46524.0
45183.0
70421.0
60161.0
73926.0
19329.0
61872.0
46984.0
34838.0
82716.0
48192.0
49681.0
56850.0
55267.0
59666.0
72504.0
26872.0
21359.0
73170.0
52750.0
91820.0
65968.0
30772.0
22507.0
65685.0
25804.0
76412.0
22063.0
57091.0
78353.0
93404.0
37859.0
80995.0
16529.0
55412.0
48789.0
56575.0
25130.0
35441.0
71391.0
49494.0
81702.0
45889.0
56628.0
34026.0
40049.0
19419.0
82504.0
81205.0
61618.0
55284.0
49980.0
15072.0
49166.0
82347.0
30843.0
46374.0
60474.0
38576.0
55357.0
37758.0
85710.0
44602.0
38683.0
49514.0
57906.0
43456.0
19485.0
53172.0
30545.0
70123.0
62450.0
21675.0
42395.0
61346.0
80812.0
42835.0
39922.0
86424.0
17117.0
24762.0
35797.0
36627.0
51111.0
82072.0
46231.0
42243.0
51195.0
68092.0
31814.0
51390.0
76630.0
26868.0
55260.0
64090.0
78331.0
37087.0
21846.0
81320.0
54137.0
66825.0
57100.0
58917.0
85072.0
86429.0
45684.0
47889.0
45921.0
78420.0
75114.0
52278.0
35641.0
95529.0
62820.0
73113.0
42607.0
74637.0
46015.0
72354.0
39858.0
34469.0
83033.0
24401.0
77583.0
74116.0
68397.0
79632.0
46107.0
64950.0
25443.0
32892.0
71796.0
67536.0
55239.0
60554.0
64831.0
56067.0
82025.0
94384.0
14906.0
51563.0
57937.0
68274.0
39771.0
67893.0
27922.0
52190.0
44051.0
42767.0
46106.0
16927.0
59754.0
53700.0
59041.0
54237.0
70647.0
52597.0
41021.0
40233.0
50183.0
54753.0
92955.0
33471.0
34596.0
44010.0
84219.0
40706.0
15716.0
59052.0
80573.0
83715.0
82576.0
35704.0
53103.0
46779.0
4861.0
33462.0
80763.0
65352.0
82170.0
75759.0
79689.0
35340.0
85683.0
24884.0
42021.0
64449.0
64587.0
75437.0
52845.0
46086.0
78028.0
95169.0
56337.0
22434.0
36930.0
36130.0
65569.0
36736.0
77568.0
49187.0
30168.0
34053.0
38196.0
59412.0
70924.0
54165.0
32300.0
20180.0
34961.0
28440.0
64504.0
33564.0
17345.0
56320.0
28647.0
15038.0
32173.0
68316.0
74538.0
91700.0
68695.0
31056.0
28071.0
37334.0
46423.0
37126.0
47703.0
61180.0
38998.0
8028.0
76081.0
34728.0
33168.0
33585.0
77037.0
35196.0
44529.0
28764.0
69098.0
25959.0
27100.0
70596.0
42557.0
53312.0
72228.0
67605.0
62845.0
65196.0
42000.0
65526.0
16860.0
83528.0
64176.0
22304.0
67023.0
70713.0
59925.0
39722.0
88347.0
87171.0
26907.0
50014.0
41014.0
66294.0
36715.0
79456.0
40479.0
75345.0
54233.0
24163.0
84460.0
71691.0
85844.0
39190.0
57236.0
61825.0
79803.0
80910.0
27590.0
56775.0
83829.0
54210.0
38508.0
53187.0
30023.0
76045.0
50870.0
65463.0
66480.0
76773.0
54466.0
16269.0
71819.0
33569.0
36262.0
22634.0
70566.0
31605.0
52034.0
48526.0
39552.0
86358.0
46931.0
16581.0
63998.0
67381.0
25930.0
42693.0
85606.0
72903.0
49669.0
36778.0
85696.0
49678.0
37155.0
21282.0
33419.0
63285.0
21255.0
42162.0
54450.0
57744.0
26576.0
57513.0
68142.0
83145.0
54197.0
23091.0
46049.0
56715.0
79410.0
57304.0
44375.0
59594.0
80685.0
40344.0
62710.0
48985.0
35322.0
77142.0
81657.0
14421.0
74214.0
66726.0
23724.0
47353.0
33444.0
54386.0
28510.0
90638.0
48070.0
43140.0
54959.0
15056.0
26954.0
22327.0
44393.0
62000.0
31497.0
45894.0
78579.0
67369.0
58401.0
62307.0
43641.0
70091.0
78075.0
59184.0
54809.0
58113.0
51412.0
66636.0
50965.0
18351.0
40451.0
36317.0
42213.0
65748.0
77044.0
74918.0
56721.0
42160.0
61559.0
33629.0
34377.0
8940.0
26228.0
77297.0
40211.0
33438.0
75032.0
61284.0
22518.0
54730.0
38452.0
44421.0
38197.0
41986.0
28427.0
37395.0
64722.0
55249.0
84906.0
44213.0
25707.0
59062.0
76624.0
66000.0
27683.0
1730.0
40521.0
20427.0
65106.0
69969.0
67433.0
77766.0
74716.0
55158.0
62972.0
74190.0
39356.0
76653.0
90687.0
73450.0
31454.0
47139.0
53378.0
19656.0
45579.0
85485.0
55956.0
64191.0
38808.0
57183.0
23748.0
66303.0
37368.0
40800.0
71847.0
46149.0
78687.0
49118.0
37633.0
39767.0
26997.0
33986.0
46831.0
52531.0
15759.0
43050.0
42997.0
48918.0
60033.0
34043.0
57811.0
78569.0
157733.0
23148.0
44267.0
71626.0
60894.0
50200.0
81051.0
65169.0
59868.0
65695.0
64857.0
45143.0
74805.0
59060.0
27238.0
47009.0
46094.0
37235.0
81843.0
46692.0
77382.0
37774.0
18393.0
72828.0
24711.0
45503.0
6560.0
71604.0
27244.0
48752.0
71434.0
90842.0
88097.0
51948.0
71853.0
35876.0
39660.0
50127.0
43263.0
18929.0
24367.0
26887.0
62061.0
76542.0
70515.0
18227.0
69139.0
69109.0
69627.0
38136.0
62159.0
80695.0
33316.0
58554.0
17256.0
53034.0
52203.0
59601.0
75154.0
37971.0
67267.0
57338.0
50523.0
56242.0
48904.0
56243.0
21355.0
57420.0
46390.0
54342.0
20895.0
92344.0
44964.0
53761.0
22682.0
38887.0
41658.0
29791.0
63915.0
39996.0
26759.0
51039.0
60544.0
37716.0
36864.0
44511.0
36947.0
67087.0
57045.0
36957.0
69389.0
43142.0
80589.0
34412.0
57537.0
51315.0
36026.0
24639.0
34578.0
65704.0
54132.0
28164.0
43269.0
38741.0
31907.0
31163.0
92533.0
34853.0
70844.0
31086.0
20491.0
42523.0
33402.0
36408.0
21645.0
78427.0
82657.0
51876.0
78041.0
52852.0
70038.0
69401.0
46053.0
77343.0
73892.0
40304.0
32727.0
43300.0
26290.0
93790.0
38410.0
64866.0
57957.0
16531.0
28072.0
49476.0
50725.0
41145.0
67419.0
23162.0
34380.0
34704.0
94871.0
65148.0
39898.0
59892.0
41020.0
57072.0
19414.0
19107.0
75484.0
70379.0
79419.0
64014.0
76998.0
49854.0
60585.0
42873.0
87679.0
57867.0
35765.0
65492.0
32952.0
53374.0
71706.0
68487.0
53253.0
42014.0
54108.0
49667.0
63206.0
57136.0
46772.0
78931.0
53977.0
73538.0
79529.0
20981.0
51766.0
55759.0
37787.0
27242.0
87188.0
69930.0
37697.0
3502.0
58597.0
82032.0
28087.0
74004.0
19740.0
57036.0
53083.0
69283.0
23331.0
9255.0
67786.0
71969.0
59235.0
31928.0
74881.0
65819.0
51411.0
51983.0
30390.0
30983.0
66033.0
37284.0
57530.0
76800.0
63943.0
37054.0
47175.0
31859.0
27215.0
70179.0
24645.0
79865.0
44322.0
47958.0
63972.0
75315.0
55517.0
75283.0
27161.0
38201.0
45203.0
81574.0
60482.0
34633.0
78093.0
82460.0
45903.0
40442.0
61482.0
34968.0
75794.0
74268.0
13724.0
52569.0
48432.0
36108.0
76445.0
36663.0
53843.0
90226.0
70638.0
44512.0
27116.0
54072.0
71855.0
51250.0
60432.0
12393.0
64509.0
33955.0
55434.0
28359.0
52973.0
51717.0
18793.0
50664.0
54414.0
54549.0
47111.0
41003.0
19444.0
36301.0
42731.0
52854.0
22775.0
59821.0
50002.0
69755.0
44078.0
30560.0
35924.0
64140.0
56386.0
75774.0
39228.0
58494.0
58684.0
56551.0
22448.0
82014.0
34213.0
157146.0
25358.0
35544.0
36634.0
62670.0
50334.0
72066.0
50729.0
34916.0
64892.0
43602.0
41473.0
63246.0
36732.0
37929.0
86610.0
80141.0
69016.0
20193.0
27573.0
15862.0
49544.0
33228.0
70440.0
38232.0
22554.0
23536.0
49413.0
42231.0
78789.0
56534.0
58350.0
49090.0
61787.0
18169.0
24336.0
18222.0
62335.0
42033.0
86580.0
41437.0
73705.0
61064.0
18358.0
55012.0
9722.0
38175.0
58656.0
52117.0
64813.0
54222.0
83512.0
77520.0
41154.0
80398.0
18746.0
60230.0
22108.0
44392.0
55424.0
17688.0
92491.0
90273.0
82571.0
38513.0
16653.0
42586.0
23529.0
71107.0
46910.0
37244.0
82427.0
75342.0
70044.0
77437.0
54984.0
42403.0
55761.0
37292.0
45576.0
70321.0
58086.0
81795.0
28389.0
69901.0
80360.0
51569.0
16014.0
41120.0
39763.0
38725.0
77981.0
62905.0
13533.0
59481.0
72117.0
21955.0
67131.0
36802.0
47808.0
25509.0
85431.0
42664.0
28973.0
39435.0
65370.0
20194.0
42473.0
64590.0
71232.0
34600.0
46904.0
49094.0
36075.0
60839.0
82122.0
34074.0
28520.0
62535.0
36273.0
63404.0
78416.0
59385.0
44689.0
7144.0
90369.0
63159.0
46757.0
79734.0
63207.0
72071.0
21840.0
58582.0
72282.0
50387.0
32583.0
62568.0
44635.0
63967.0
52513.0
25293.0
54111.0
78394.0
80739.0
22669.0
29236.0
44911.0
54693.0
48186.0
41580.0
80336.0
47743.0
57333.0
32313.0
84953.0
27071.0
68148.0
65735.0
86836.0
4023.0
30093.0
57705.0
25008.0
83257.0
22280.0
72159.0
64260.0
82733.0
74290.0
58217.0
21024.0
70116.0
54006.0
69063.0
11448.0
70886.0
60208.0
32889.0
34738.0
30538.0
82326.0
26642.0
69932.0
44503.0
60200.0
49638.0
23830.0
33051.0
72905.0
69702.0
70300.0
70643.0
30396.0
62772.0
30298.0
44155.0
86979.0
76532.0
42081.0
88420.0
31158.0
61671.0
69719.0
49160.0
90933.0
113734.0
22148.0
73395.0
29819.0
45688.0
60491.0
33235.0
35701.0
31535.0
92556.0
67384.0
77870.0
57107.0
36038.0
34230.0
31878.0
70932.0
91249.0
77598.0
80982.0
22701.0
70617.0
64849.0
62694.0
61917.0
67472.0
21059.0
29543.0
75903.0
34984.0
54998.0
54356.0
34242.0
25410.0
73356.0
28320.0
23763.0
72570.0
34529.0
70792.0
63211.0
83891.0
36065.0
51141.0
56939.0
80872.0
72335.0
61798.0
76842.0
29478.0
46998.0
96843.0
70053.0
71670.0
44359.0
40887.0
48877.0
74485.0
64474.0
77226.0
72643.0
85738.0
55686.0
39062.0
40794.0
4428.0
32632.0
38236.0
36781.0
31385.0
24570.0
94642.0
58646.0
53201.0
57113.0
51373.0
23477.0
58116.0
72968.0
39791.0
91712.0
94472.0
13672.0
96547.0
79205.0
56559.0
32644.0
67506.0
24206.0
28420.0
22979.0
33279.0
30368.0
63684.0
41638.0
68805.0
65814.0
71964.0
39146.0
96876.0
34445.0
68281.0
36790.0
27943.0
22263.0
30261.0
28587.0
43815.0
48195.0
77027.0
71322.0
32765.0
23272.0
49912.0
68117.0
67225.0
17649.0
55914.0
40059.0
60905.0
75330.0
60689.0
38680.0
61416.0
49767.0
83273.0
29009.0
45057.0
37150.0
43020.0
53154.0
65308.0
76467.0
81044.0
32871.0
55801.0
76320.0
36927.0
48794.0
23478.0
71128.0
59462.0
42554.0
67046.0
42192.0
77610.0
31761.0
34350.0
54591.0
71866.0
69520.0
64713.0
27889.0
22123.0
27803.0
51651.0
87000.0
79823.0
30828.0
34109.0
53367.0
22390.0
79244.0
48699.0
80144.0
54252.0
81929.0
76068.0
53204.0
14796.0
78128.0
14188.0
72967.0
48150.0
82332.0
58275.0
44953.0
34587.0
43018.0
45736.0
27733.0
69805.0
72217.0
25818.0
37509.0
25176.0
43586.0
53230.0
50116.0
82333.0
65220.0
33590.0
72309.0
156924.0
16005.0
65487.0
58692.0
40590.0
62637.0
29435.0
19346.0
35788.0
36997.0
23539.0
65333.0
78499.0
29732.0
41275.0
63516.0
42769.0
49572.0
69209.0
17148.0
32146.0
41713.0
58482.0
59686.0
60896.0
62994.0
47320.0
74859.0
15253.0
31560.0
91172.0
90000.0
41967.0
69263.0
65706.0
60934.0
71965.0
65210.0
79174.0
81380.0
52914.0
26067.0
44325.0
26487.0
53233.0
67716.0
76234.0
84117.0
25224.0
89616.0
40851.0
27469.0
73803.0
8820.0
43322.0
55593.0
50501.0
37085.0
16185.0
57731.0
73807.0
35893.0
61014.0
32144.0
14918.0
45146.0
41769.0
88325.0
38054.0
80617.0
5305.0
36807.0
40101.0
58025.0
33562.0
57642.0
63777.0
57967.0
24434.0
11012.0
44802.0
26816.0
666666.0
61223.0
56981.0
69245.0
52869.0
Unique values in column 'Kidhome':
0
1
2
Unique values in column 'Teenhome':
0
1
2
Unique values in column 'Recency':
58
38
26
94
16
34
32
19
68
59
82
53
23
51
20
91
86
41
42
63
0
69
89
4
96
56
31
8
55
37
76
99
3
88
72
24
92
39
29
2
54
57
30
12
18
75
90
1
40
9
87
5
95
48
70
79
84
44
43
35
15
17
46
27
25
74
85
65
13
83
10
21
61
73
47
36
49
28
64
98
78
77
81
80
45
14
52
93
50
60
11
66
97
62
6
33
22
71
67
7
Unique values in column 'MntWines':
635
11
426
173
520
235
76
14
28
6
194
233
3
1006
53
84
1012
4
86
1
867
384
270
36
684
8
112
110
96
482
40
702
55
437
421
13
9
123
826
245
650
12
510
328
984
295
447
712
452
523
546
398
10
688
247
856
496
258
565
2
721
1032
577
64
25
163
17
130
292
350
135
15
27
5
505
51
207
41
386
562
217
144
454
425
1332
527
490
378
547
47
320
34
722
162
450
70
492
120
534
236
220
796
0
962
738
399
614
32
598
73
42
346
888
997
212
536
1349
1001
20
18
125
277
7
85
81
59
1149
847
29
152
620
35
356
783
466
23
656
519
344
448
265
587
763
22
54
1170
72
613
224
410
239
171
1076
182
824
30
377
155
897
131
297
787
792
231
983
415
901
382
559
789
1218
925
864
960
16
168
45
24
918
138
554
167
177
38
483
77
778
33
625
216
68
196
204
26
304
285
395
248
39
777
1241
65
801
513
37
80
525
675
509
154
768
185
44
91
412
731
424
21
909
317
797
755
456
1103
189
495
1048
78
561
629
269
736
512
19
404
333
833
159
977
57
1043
43
314
571
866
594
140
375
102
919
610
67
416
370
407
1200
583
966
822
604
1285
551
800
1248
515
438
31
357
400
99
208
430
141
507
164
606
116
143
522
161
1239
335
639
563
746
478
451
371
281
213
502
691
504
1396
529
388
1047
815
225
493
127
325
238
1168
284
1288
227
1035
982
179
1379
881
1000
206
619
172
464
63
252
1478
198
458
90
308
557
1492
249
465
129
174
747
98
200
1050
117
56
145
203
46
1060
264
817
526
88
101
389
215
352
390
1181
603
514
387
121
965
707
586
1063
305
1009
315
757
219
111
100
445
418
327
275
1004
187
365
595
1132
372
899
760
260
459
92
273
434
321
1184
537
664
299
749
345
440
670
524
597
294
349
1126
967
432
948
307
283
769
518
709
359
799
895
647
301
180
794
392
107
680
324
229
521
184
183
479
584
627
330
1039
411
623
393
376
642
840
752
1279
860
351
336
191
362
724
605
104
556
408
374
600
243
1308
48
379
889
230
852
205
255
825
316
756
181
151
494
953
770
741
156
812
871
471
819
354
1253
588
480
517
267
1111
1166
261
711
79
115
263
69
97
197
693
186
829
318
1206
729
674
1023
1394
311
1296
218
66
795
244
158
223
157
397
1230
986
61
201
806
380
576
403
463
75
538
1315
347
192
241
631
1099
743
124
530
1215
444
473
288
234
251
652
938
105
574
160
211
391
199
516
1224
508
381
74
146
165
957
176
717
1067
166
714
735
342
658
457
210
441
476
364
863
1156
373
134
1148
108
816
1298
87
964
572
341
221
291
544
309
972
279
132
62
952
618
303
95
790
882
615
133
293
313
1142
489
630
420
1090
737
254
113
462
968
52
545
558
266
1074
771
202
209
779
170
491
1205
774
82
358
139
274
262
641
823
368
488
543
689
280
992
622
329
296
422
703
1302
153
290
443
846
169
460
944
553
751
406
1449
1259
896
931
758
539
750
306
331
811
423
60
910
332
784
1171
431
50
532
71
268
928
733
1252
754
322
739
1083
1016
548
836
109
1459
340
298
980
1003
593
446
726
690
667
621
612
582
940
979
704
861
533
1073
560
136
708
312
1493
178
93
920
653
734
453
531
402
503
369
367
686
941
383
1121
666
1045
128
581
355
175
122
1020
272
637
1017
1324
1193
353
710
256
338
1462
499
913
673
58
879
83
228
1092
1276
226
575
94
908
995
106
820
753
555
240
848
433
713
676
958
1245
835
1486
1115
934
830
728
188
742
1311
890
654
912
89
1013
570
626
611
671
366
302
580
853
428
Unique values in column 'MntFruits':
88
1
49
4
43
42
65
10
0
16
61
2
14
22
5
80
17
3
100
12
34
8
76
164
18
6
50
19
37
120
9
51
35
26
7
40
59
36
107
111
105
23
60
46
172
81
106
194
115
44
99
90
48
27
33
133
58
28
21
20
11
162
71
66
30
189
138
29
24
32
86
114
153
64
134
148
47
41
84
74
129
15
98
183
147
144
104
91
163
152
53
68
137
190
38
70
96
25
13
83
92
73
155
54
151
85
127
63
45
103
69
89
181
112
159
102
123
166
142
79
39
31
178
93
97
168
174
122
199
62
55
101
67
117
108
57
130
161
56
124
126
75
185
72
87
197
82
184
160
77
140
131
132
169
193
149
143
154
Unique values in column 'MntMeatProducts':
546
6
127
20
118
98
164
56
24
11
480
53
17
115
19
38
498
73
1725
86
102
27
25
30
42
801
10
44
5
96
471
151
14
206
536
29
266
15
317
125
780
550
124
432
482
8
28
538
134
48
367
1
309
159
487
460
291
65
13
925
779
64
68
424
16
37
568
39
26
7
447
92
183
276
690
32
271
31
106
292
311
21
101
812
94
133
951
110
47
189
33
590
3
34
12
921
232
756
132
41
141
18
90
78
57
269
69
387
249
49
240
1582
305
449
119
22
195
2
107
537
45
813
79
553
337
138
113
320
319
59
554
171
4
417
162
540
154
207
204
740
9
137
184
464
757
503
272
179
768
444
52
353
87
215
62
71
398
35
298
499
23
43
40
99
224
396
512
100
149
230
242
565
81
573
80
263
46
93
112
400
561
128
275
218
247
293
570
562
832
379
255
455
514
410
217
785
177
818
83
160
815
549
142
253
97
786
61
335
63
505
74
221
54
591
282
108
103
716
792
297
349
235
181
82
322
161
364
974
72
60
257
420
413
166
384
193
84
114
109
594
88
389
131
265
356
140
239
324
66
300
408
55
613
670
351
216
153
67
260
403
252
520
761
287
940
259
144
530
188
797
635
168
135
519
592
76
248
169
323
507
572
129
199
732
713
279
250
653
758
104
152
711
213
428
122
194
145
117
123
435
126
838
1622
559
178
388
278
352
201
294
501
368
597
706
77
211
617
341
497
360
345
372
742
689
374
314
375
223
391
898
348
243
91
392
522
186
446
136
212
228
470
256
747
226
804
476
409
156
274
774
431
929
399
845
303
116
350
89
267
500
569
685
354
493
405
873
674
523
890
473
704
466
510
238
606
790
51
58
233
227
234
75
430
407
445
651
708
640
545
288
165
254
172
733
961
130
415
333
534
491
678
382
176
555
334
548
842
158
411
843
369
70
147
494
864
750
395
196
731
483
329
604
425
547
915
85
913
180
280
414
270
121
421
946
672
611
687
622
376
155
717
209
111
231
528
452
459
984
205
167
694
222
50
139
595
601
95
422
295
385
120
170
724
827
377
560
219
441
469
701
465
639
625
315
649
575
373
214
599
143
673
363
850
342
835
936
935
853
558
509
442
751
693
454
462
629
981
586
163
419
241
697
736
36
456
397
602
273
899
816
603
203
0
754
338
304
157
612
208
237
175
281
401
753
185
202
654
567
746
932
735
197
650
264
426
535
332
607
380
968
174
450
359
883
849
614
286
518
749
655
495
860
631
182
Unique values in column 'MntFishProducts':
172
2
111
10
46
0
50
3
1
11
225
6
59
150
30
69
21
39
15
20
34
33
119
160
82
227
37
27
156
12
180
121
16
201
7
58
189
84
4
97
137
110
75
65
185
80
31
23
29
151
123
44
40
173
38
52
13
36
43
73
32
8
19
149
134
86
140
147
224
42
76
47
254
25
67
28
186
218
104
133
220
45
24
205
162
95
101
188
55
166
216
60
219
17
77
78
72
212
129
93
99
102
179
61
62
197
199
120
169
240
63
91
106
146
56
127
136
168
49
54
132
71
64
231
85
202
41
125
26
175
164
177
138
247
159
153
90
51
234
68
210
89
194
250
237
145
167
48
192
130
232
116
184
158
94
259
115
207
112
98
182
141
124
171
193
242
246
35
142
253
258
198
223
5
103
108
181
81
128
208
114
229
Unique values in column 'MntSweetProducts':
88
1
21
3
27
42
49
112
5
68
13
12
16
24
38
0
32
6
66
2
22
8
7
178
30
67
167
40
120
18
14
122
82
29
60
37
15
105
65
4
133
61
132
26
98
35
51
20
103
9
72
28
89
41
44
33
11
91
76
17
71
113
19
173
23
87
176
102
48
138
10
163
124
70
172
84
149
73
92
130
25
74
114
141
54
147
45
46
97
64
118
153
189
107
128
50
134
36
150
78
137
34
95
156
47
194
96
191
192
75
62
58
129
31
57
108
123
185
121
127
125
198
43
115
80
106
101
110
83
160
166
136
56
116
182
148
161
69
157
55
143
169
86
146
59
152
77
53
39
93
151
99
144
195
63
175
145
162
187
126
85
109
197
165
174
196
81
139
188
142
94
262
179
100
79
111
Unique values in column 'MntGoldProds':
88
6
42
5
15
14
27
23
2
13
16
30
45
4
28
176
39
48
1
19
99
41
10
0
89
3
43
22
35
36
102
7
12
174
50
38
32
241
109
190
40
80
169
73
86
9
18
51
17
76
34
145
75
223
11
111
81
65
79
60
72
33
120
168
172
216
58
130
20
126
116
49
8
91
57
124
26
141
117
25
92
54
21
192
44
66
182
181
152
77
70
148
24
69
146
162
131
74
135
203
52
63
139
122
224
173
218
93
61
142
29
233
101
157
55
107
159
78
110
125
114
68
191
95
37
64
46
119
90
134
108
153
84
59
31
175
85
71
47
118
83
106
165
163
144
147
207
151
154
115
67
242
155
249
183
170
97
227
121
205
112
198
177
133
94
56
82
187
171
98
129
96
53
166
195
231
158
123
200
178
149
132
210
138
262
140
100
246
196
197
199
215
127
161
180
62
128
291
150
232
219
137
185
160
321
143
204
245
229
248
103
247
Unique values in column 'NumDealsPurchases':
3
2
1
5
4
15
7
6
9
0
8
10
13
11
12
Unique values in column 'NumWebPurchases':
8
1
2
5
6
7
4
3
11
0
10
9
23
27
25
Unique values in column 'NumCatalogPurchases':
10
1
2
0
3
4
6
28
9
5
8
7
11
22
Unique values in column 'NumStorePurchases':
4
2
10
6
7
0
3
8
5
12
9
13
11
1
Unique values in column 'NumWebVisitsMonth':
7
5
4
6
8
9
20
2
3
1
10
0
14
19
17
13
Unique values in column 'AcceptedCmp3':
0
1
Unique values in column 'AcceptedCmp4':
0
1
Unique values in column 'AcceptedCmp5':
0
1
Unique values in column 'AcceptedCmp1':
0
1
Unique values in column 'AcceptedCmp2':
0
1
Unique values in column 'Complain':
0
1
Unique values in column 'Z_CostContact':
3
Unique values in column 'Z_Revenue':
11
Unique values in column 'Response':
1
0
Unique values in column 'Days_Enrolled':
663
113
312
139
161
293
593
417
388
108
226
627
582
552
667
458
603
690
539
553
169
468
543
398
394
219
38
414
608
494
304
180
300
138
513
426
474
270
1
597
401
598
48
687
22
382
587
453
62
118
360
660
496
383
205
404
49
102
275
447
656
469
450
60
557
671
625
298
669
371
361
124
322
348
32
159
98
36
584
444
210
374
341
91
435
408
52
201
278
512
569
239
596
4
564
292
156
495
353
227
125
433
434
21
50
272
476
319
357
41
336
618
436
305
467
619
609
676
8
66
114
562
628
356
290
255
313
363
601
175
424
120
228
223
69
351
150
86
655
560
37
5
274
158
14
571
331
491
658
276
395
182
47
283
528
90
0
202
258
604
347
203
412
657
455
103
632
524
421
89
302
592
79
76
540
659
460
612
567
133
466
410
74
463
207
268
185
43
244
333
213
681
24
405
536
286
245
645
624
621
615
390
403
12
583
511
472
3
622
375
101
145
84
508
503
73
352
516
537
381
184
606
165
675
479
532
533
104
260
77
649
116
428
162
194
110
335
684
140
507
534
359
362
234
416
501
439
291
452
535
364
570
594
483
688
204
318
231
13
551
177
610
554
212
264
639
99
548
677
470
589
575
68
595
372
680
546
380
256
668
56
437
266
652
640
475
250
20
30
620
456
522
221
135
492
481
54
442
85
430
216
147
373
190
295
311
191
327
263
385
189
423
498
678
454
35
642
179
280
152
432
115
683
459
262
694
42
51
614
181
679
242
653
368
154
643
573
214
692
547
674
599
209
345
400
252
441
310
153
317
637
572
686
238
499
284
11
431
377
134
325
188
578
326
173
208
92
82
142
235
485
330
378
369
236
289
332
514
355
440
87
72
644
288
611
253
493
285
519
53
314
346
565
338
419
391
350
111
183
525
646
661
558
222
16
418
315
198
132
695
176
251
186
544
409
277
233
195
607
178
254
339
248
192
44
633
308
396
95
81
109
61
2
445
220
616
411
697
218
155
261
691
457
26
689
480
413
112
287
151
269
486
58
505
471
415
662
301
399
199
568
303
193
376
31
530
243
484
197
526
449
237
464
29
510
420
500
100
328
577
337
167
638
249
600
34
117
174
18
10
580
200
166
157
462
365
520
224
407
438
521
324
384
344
397
482
636
504
623
146
7
247
131
232
320
673
71
83
542
602
523
123
67
334
259
579
59
576
316
541
57
64
27
246
97
489
282
529
187
588
693
422
229
358
343
617
402
672
168
136
122
70
366
427
465
306
699
206
506
585
488
647
386
297
78
370
130
549
605
342
149
307
271
19
148
664
641
698
574
55
631
119
45
566
685
126
105
281
613
257
497
670
137
141
666
590
502
696
682
581
63
425
586
15
93
478
665
75
65
367
393
267
127
443
279
340
6
170
461
163
25
96
545
648
487
635
446
88
538
215
329
559
23
406
321
196
630
296
349
518
144
550
143
531
9
309
121
448
80
17
211
477
94
561
650
392
555
240
323
626
556
171
